5
8 1
71 64 81 39 64 85 88 35 55 43 39 1 13 18 19 22 8 61 55 54 30 78 16 88 89 51
52 50 9 42 21 1 9 6 28 73 97 31 40 40 46 33 82 53 63 3 11 54 30 26 45 41
44 27 10 83 64 51 11 77 37 51 50 31 44 64 72 73 11 7 39 53 67 45 21 6 1 6
32 43 45 19 65 14 3 8 30 6 74 42 33 9 29 12 83 29 51 50 87 47 34 36 69 49
25 40 44 90 81 59 13 59 66 27 96 99 65 13 56 43 67 28 6 14 85 23 70 79 70 100
85 44 61 89 27 90 86 4 27 21 59 68 22 2 47 8 4 93 76 91 6 61 53 17 68 24
30 37 48 8 50 85 4 62 19 67 59 23 13 22 46 3 19 90 63 56 9 51 97 48 97 61
85 87 6 98 8 30 97 12 30 17 20 34 33 60 44 28 32 82 91 82 30 1 6 14 50 37
9 79 78 92 24 49 73 14 39 66 34 97 78 91 66 6 88 57 29 90 32 67 25 37 77 29
21 44 15 55 26 66 32 51 74 78 3 11 77 61 17 64 8 66 71 38 40 63 35 89 70 20
23 42 3 88 45 62 78 37 46 44 77 50 74 28 37 85 11 30 25 26 77 18 31 57 10 73
100 36 27 46 91 18 77 88 76 29 91 85 6 72 97 62 87 35 85 83 11 54 4 92 78 90
27 29 46 45 42 10 42 57 75 46 56 68 81 65 61 19 4 29 3 82 7 30 87 82 21 81
43 86 70 57 64 79 54 79 47 13 36 32 100 66 93 33 84 67 82 20 61 60 16 22 29 94
32 73 24 55 3 10 71 49 84 31 17 63 41 54 66 96 82 79 63 81 55 24 8 12 20 69
37 44 43 73 22 79 67 84 25 27 76 89 41 82 73 99 3 38 14 32 2 2 70 78 38 29
38 45 44 28 60 54 4 47 72 56 35 27 1 55 2 32 14 39 14 6 94 25 28 26 77 30
14 82 62 7 36 64 95 70 4 13 11 84 97 81 7 96 63 55 87 9 30 40 62 58 24 25
43 15 7 8 87 62 69 12 56 52 28 54 70 77 6 16 90 2 70 90 3 11 50 63 7 95
61 55 74 58 37 96 19 100 34 32 5 18 32 81 28 82 27 93 5 39 9 11 72 14 34 1
41 67 18 74 46 93 19 91 99 42 43 54 94 53 74 69 88 20 94 29 94 56 39 37 42 43
34 87 61 50 67 91 40 88 48 74 87 17 36 71 31 6 77 29 83 59 43 46 10 66 46 94
85 44 91 87 12 5 69 56 93 77 27 52 82 65 76 66 45 96 69 65 22 84 81 19 76 95
51 94 80 30 53 21 72 47 48 80 63 41 72 85 34 34 91 53 60 76 68 26 31 22 81 59
67 23 58 33 3 7 3 91 53 84 64 60 62 83 74 89 73 62 48 37 90 98 99 71 100 21
62 48 26 56 1 67 91 94 24 39 80 99 71 95 71 69 8 63 30 4 52 27 78 26 91 26
87332924
6 1
81 41 80 62 74 83 50 51 36 23 28 73 8 86 52 63 1 29 98 26 82 18 78 3 25 42
94 85 48 24 13 40 37 84 78 92 84 80 13 45 3 62 70 29 51 34 12 59 41 40 56 34
14 65 42 8 26 5 7 27 8 69 2 47 8 79 28 55 52 78 51 57 46 39 38 49 99 52
62 29 58 41 44 85 83 50 86 95 82 79 22 15 11 8 62 11 32 84 6 40 28 77 62 10
66 86 64 16 43 15 76 58 6 18 63 79 36 18 49 24 45 92 27 10 88 33 50 94 36 65
63 22 30 57 65 73 10 43 78 94 2 65 83 49 51 78 5 71 98 57 60 71 63 30 1 94
19 47 58 91 48 100 73 75 92 20 64 90 98 14 25 81 30 18 20 36 66 97 69 6 16 98
11 65 60 56 69 39 35 19 68 90 20 6 40 63 21 90 62 88 74 25 1 47 64 78 18 9
46 26 14 48 99 91 5 31 98 69 57 37 83 73 88 42 43 18 99 9 18 67 16 27 63 21
77 69 60 92 48 44 31 90 28 24 10 28 29 30 38 37 95 10 27 91 67 85 84 72 48 83
48 58 50 23 89 2 69 2 77 30 25 51 70 34 8 89 11 12 68 41 49 85 23 30 56 67
88 54 27 80 96 72 95 13 58 53 100 98 20 31 63 29 55 92 52 98 5 87 26 84 57 24
70 43 11 89 47 60 73 73 76 70 15 61 30 6 94 81 48 30 4 60 92 65 71 96 23 83
59 46 34 20 17 2 7 47 92 62 47 30 93 85 37 21 81 14 64 96 3 32 55 2 49 59
70 8 67 77 31 95 20 6 53 41 18 33 23 22 26 95 60 56 24 86 91 46 12 63 97 36
40 45 68 26 71 30 13 62 96 15 9 26 20 55 36 18 12 87 42 86 74 53 46 80 25 45
91 15 66 58 43 12 44 51 56 97 80 40 17 96 97 93 59 55 40 33 51 44 91 33 11 80
38 18 98 30 59 12 55 9 49 22 96 42 82 71 73 40 80 65 73 34 64 16 95 38 21 32
40 87 91 10 8 87 93 89 80 91 27 42 85 37 55 68 17 38 40 21 67 31 64 50 34 20
63 65 86 4 44 3 51 47 63 73 66 25 47 99 47 22 41 24 19 9 76 72 11 90 82 21
45 55 80 59 14 40 57 32 95 2 54 88 75 61 75 94 21 97 85 95 89 53 85 72 94 12
36 17 96 57 13 16 13 45 60 32 76 32 72 38 16 27 99 31 40 69 21 2 64 90 43 48
43 43 1 68 31 98 54 55 73 62 36 25 30 6 42 21 18 6 54 88 89 1 34 77 38 100
90 77 97 24 46 91 14 95 82 47 7 54 64 3 80 33 50 18 35 20 61 2 87 61 67 93
56 8 89 70 91 68 50 15 46 66 76 26 62 97 11 91 72 14 54 87 86 75 75 39 60 25
85 72 84 56 64 88 38 45 54 18 77 83 5 41 2 88 84 55 33 74 86 43 29 17 54 74
393957
10 1
19 59 42 78 82 91 21 21 11 20 85 100 16 82 55 50 100 45 45 49 57 55 36 62 58 69
39 76 31 79 98 97 84 21 13 56 40 64 83 67 47 80 87 38 5 73 84 88 32 80 43 20
73 32 88 14 40 42 42 53 63 90 16 45 89 6 20 44 23 29 2 90 90 78 68 6 83 94
95 26 78 51 24 40 86 80 65 33 92 46 88 45 77 92 70 48 92 55 52 12 81 95 35 11
8 58 96 34 98 97 29 26 63 82 44 58 9 37 20 2 64 46 37 33 54 66 92 23 49 65
10 6 23 82 78 38 31 68 6 2 93 58 23 8 95 42 66 42 41 46 66 86 26 49 5 2
31 31 21 60 51 57 38 65 79 9 58 73 31 22 86 40 59 91 21 19 77 92 12 98 32 42
80 10 24 89 5 3 57 47 44 81 85 12 86 94 48 84 37 82 5 8 7 62 24 66 89 25
51 10 97 75 70 81 17 61 95 59 76 55 56 34 4 18 47 64 52 34 36 1 24 44 55 66
36 41 64 82 53 46 68 56 36 70 81 82 49 83 56 46 51 26 44 53 67 70 61 34 10 92
94 48 100 45 44 66 49 35 64 66 47 42 94 17 74 78 81 65 50 34 5 93 11 17 82 47
19 77 100 28 90 12 79 27 40 93 66 22 2 41 24 79 30 67 81 16 14 47 81 16 41 59
90 62 4 47 45 49 19 60 56 32 97 73 7 90 30 32 77 8 61 45 82 26 100 3 87 12
10 63 30 95 9 88 21 90 2 84 84 59 81 87 90 83 75 49 45 39 3 47 1 49 79 4
97 76 37 65 65 17 58 41 61 68 11 97 26 94 64 71 20 85 27 23 70 48 47 59 62 13
93 30 44 20 12 100 23 84 87 58 64 54 98 76 52 67 18 25 53 88 92 55 78 64 30 18
11 5 32 47 4 72 16 27 7 7 15 68 35 57 88 68 70 50 43 16 21 39 45 69 18 73
53 87 74 68 87 75 75 57 73 6 45 85 48 5 93 55 71 9 93 67 34 17 45 84 42 43
14 4 11 3 71 31 37 64 43 58 43 98 83 20 39 55 98 55 23 72 13 99 8 90 65 24
92 43 59 95 38 60 89 33 68 20 94 48 38 99 27 18 12 61 94 18 82 1 83 12 3 18
19 16 63 84 66 58 3 48 69 59 97 4 85 4 88 9 49 42 97 71 85 33 58 36 4 7
95 50 94 48 51 59 33 69 27 87 84 1 57 55 59 72 35 11 63 18 77 93 94 70 70 74
19 62 67 94 50 13 28 59 14 91 20 35 36 41 67 68 23 63 45 98 44 55 27 3 96 84
89 35 80 52 20 69 39 100 64 53 13 57 54 14 74 62 48 57 75 97 30 80 65 35 74 2
95 71 63 80 20 26 3 60 5 61 52 72 77 94 58 48 92 24 62 53 37 3 82 17 7 8
27 9 81 91 73 33 68 69 71 51 85 16 39 53 10 84 82 51 2 36 39 29 5 50 96 75
7658968263
8 1
69 16 39 55 44 13 20 17 39 53 82 34 47 17 74 93 87 31 27 40 18 73 6 75 4 3
78 47 77 78 4 91 27 30 36 51 96 46 65 23 14 99 100 4 99 43 8 32 97 93 30 12
49 47 70 23 29 33 40 55 67 84 21 68 34 89 47 36 88 72 65 79 58 69 25 90 43 63
22 62 13 17 68 99 33 13 100 74 20 17 64 38 7 68 91 41 60 77 28 98 46 78 53 34
8 71 30 87 18 43 15 77 40 48 55 60 24 84 79 48 89 40 66 76 40 67 47 80 11 59
71 55 21 61 99 20 50 47 78 65 62 88 24 45 44 99 89 72 18 31 30 3 55 77 29 5
90 77 4 9 79 8 64 22 35 99 80 97 56 29 72 32 20 7 85 66 53 10 91 50 75 43
22 12 36 42 18 54 30 46 90 43 90 58 42 75 11 2 67 83 64 82 31 100 26 28 78 40
40 52 100 44 98 47 100 51 15 24 60 13 74 11 25 84 80 21 51 91 56 76 64 45 28 56
92 81 12 20 63 45 71 34 59 12 54 81 11 17 98 51 88 20 34 28 89 98 73 98 9 16
72 90 25 74 83 89 56 5 88 60 25 77 37 29 20 8 90 42 56 90 77 67 6 45 58 95
34 16 38 35 99 6 71 54 70 90 81 90 89 20 83 31 11 8 54 58 53 7 62 59 41 43
66 75 90 78 16 71 65 78 76 97 72 71 10 23 60 21 85 14 66 58 40 89 35 21 100 71
21 21 7 57 55 89 95 44 94 33 69 74 6 29 27 38 69 57 85 23 94 76 64 31 88 50
63 8 86 6 16 80 72 4 13 15 45 6 57 74 59 75 59 88 3 24 23 98 94 83 29 11
72 70 56 28 23 23 52 97 61 9 5 23 93 79 93 16 98 96 14 76 84 34 62 62 31 65
57 64 100 22 1 77 69 3 2 29 26 3 40 33 49 54 37 7 41 68 32 6 13 2 97 89
96 1 5 29 58 78 59 40 88 63 20 98 37 55 3 63 28 5 14 28 81 71 60 63 1 16
48 59 25 73 13 21 64 99 64 17 10 63 79 59 74 3 28 11 58 89 11 49 31 77 27 20
22 45 88 43 38 12 12 73 55 26 69 44 42 27 94 89 37 34 55 28 26 19 32 65 99 15
42 56 38 6 13 100 100 83 86 11 6 49 88 21 28 3 4 54 57 2 73 75 40 99 78 50
33 78 9 68 80 97 49 55 15 29 16 63 31 55 15 6 29 53 34 78 17 94 52 96 33 99
4 27 24 65 51 87 1 52 21 9 9 44 84 100 38 41 48 76 23 40 74 73 62 56 78 34
60 67 68 54 44 17 15 71 10 49 68 98 74 57 95 32 79 95 77 22 85 32 53 42 16 44
46 23 14 51 62 19 75 53 41 56 60 100 88 73 31 87 64 43 41 83 22 59 83 77 97 25
34 38 66 1 85 79 33 45 74 90 90 84 82 67 53 88 37 99 77 56 75 74 69 86 93 88
76988655
9 1
81 54 25 10 64 28 42 85 92 85 83 1 70 94 40 56 9 55 70 52 63 55 8 84 79 83
48 8 39 6 94 31 27 38 67 67 22 4 62 2 11 37 40 73 7 88 3 48 11 25 16 72
79 67 59 32 55 64 31 9 99 84 57 83 11 12 64 75 11 1 25 68 7 86 92 48 55 22
88 14 18 84 74 2 18 33 63 52 83 38 38 18 20 17 27 25 75 95 35 91 79 90 74 37
99 91 77 28 21 95 34 40 44 9 82 77 70 68 29 74 72 27 25 74 100 16 94 93 35 97
59 100 20 38 44 81 67 37 67 75 85 3 8 27 35 28 67 59 73 18 60 25 85 28 81 78
64 24 97 2 68 70 81 41 100 42 19 46 67 36 25 62 27 89 12 11 66 20 40 26 14 77
28 91 65 47 31 93 12 21 38 11 26 24 20 32 56 42 85 79 90 69 58 58 69 74 11 64
74 36 89 73 36 10 26 63 26 63 50 82 84 76 35 22 9 62 48 42 65 98 53 97 22 1
79 26 77 32 86 38 48 17 87 61 59 38 98 88 14 83 24 64 62 70 60 83 84 44 34 46
36 87 83 19 79 59 65 65 1 12 50 64 60 41 13 76 94 12 27 77 92 86 22 67 51 86
8 99 75 18 85 66 9 73 9 72 66 56 77 92 15 70 98 8 90 95 71 25 89 84 59 48
46 21 64 40 54 12 17 43 80 1 38 52 5 85 36 26 6 17 84 91 22 63 94 57 57 5
27 43 73 74 94 69 39 89 70 98 5 34 33 42 79 13 47 82 84 29 40 64 55 10 21 76
90 9 36 64 35 31 29 81 17 34 97 41 41 45 99 36 81 51 21 55 75 34 30 65 4 74
49 13 5 62 75 82 8 60 54 84 37 11 85 19 4 41 51 52 23 38 71 29 96 55 4 11
46 44 57 98 3 76 51 72 37 81 45 42 11 71 28 61 96 88 32 91 89 51 38 56 41 38
70 97 32 13 21 54 32 13 42 95 53 84 54 19 56 15 97 91 78 37 97 44 12 47 25 31
58 78 36 40 30 47 96 39 46 2 83 76 72 94 87 77 19 2 46 12 7 5 48 26 58 34
83 95 79 39 35 90 70 96 32 36 28 7 88 5 58 73 36 10 45 94 37 44 7 4 74 42
89 52 97 29 7 71 7 10 23 10 65 43 8 42 56 76 28 58 9 6 51 17 82 25 58 22
5 72 36 3 80 35 62 17 21 94 15 72 2 10 34 47 38 72 10 46 11 65 10 76 73 1
25 52 80 50 1 77 1 57 73 82 18 9 49 86 1 75 28 79 53 42 69 55 80 88 44 27
59 3 81 93 82 64 26 66 53 23 91 69 35 85 43 26 76 36 50 69 22 54 99 7 2 89
18 66 21 42 62 58 75 73 1 26 52 67 98 65 11 87 54 33 23 6 42 28 9 52 37 41
16 31 85 76 46 97 99 65 92 45 80 56 12 38 57 82 6 46 79 5 30 44 94 43 57 53
387652232
