10
85 1
818 246 154 166 270 431 652 516 82 762 972 520 365 547 160 866 725 185 21 669 230 279 153 258 299 689
407 980 280 786 21 801 238 26 922 600 931 339 523 519 32 669 395 792 218 442 514 589 973 479 641 988
868 844 535 745 940 349 336 361 989 119 383 939 711 993 888 577 214 90 689 129 29 582 95 729 873 505
192 503 796 297 944 267 394 524 365 4 687 661 154 997 218 398 699 828 449 134 67 862 35 770 992 229
622 888 593 428 470 531 485 382 445 513 432 586 730 271 435 51 577 975 802 271 442 506 868 34 77 173
358 221 483 686 601 823 400 613 766 862 945 578 367 508 185 756 280 812 440 988 846 992 70 885 116 32
803 793 444 66 249 102 241 152 352 40 140 841 679 723 912 230 818 130 172 846 586 157 342 469 929 682
879 763 858 81 443 813 911 835 824 4 304 576 509 100 58 443 770 623 59 425 723 134 301 117 729 133
981 771 163 136 140 666 639 68 933 259 70 463 411 630 683 948 964 25 793 134 739 248 203 942 463 228
458 876 576 655 42 400 505 469 946 225 568 506 129 413 877 193 163 264 33 284 340 93 553 375 620 193
121 46 448 231 820 252 570 103 126 686 919 531 934 314 634 294 798 195 139 398 966 966 267 818 477 29
85 631 986 540 83 700 199 397 902 773 277 2 585 547 441 847 553 284 617 629 687 749 761 765 121 221
703 862 943 148 194 119 231 660 249 875 875 428 820 281 589 345 427 910 436 879 982 445 421 823 389 849
581 978 291 289 961 676 490 995 381 126 565 253 701 141 494 857 479 135 151 114 855 757 985 324 233 486
916 953 44 382 638 882 29 580 728 719 369 79 73 916 401 365 331 305 485 905 171 276 839 43 167 403
619 86 901 857 706 410 982 1000 606 683 236 621 617 483 269 916 731 811 273 139 518 824 940 226 267 859
925 888 680 753 508 466 462 543 708 734 314 194 428 531 97 813 551 555 107 314 466 426 526 920 662 616
332 530 676 537 429 864 485 36 401 538 221 335 502 861 364 480 406 55 7 747 120 773 168 538 929 287
395 1 534 493 672 383 403 825 932 989 5 590 367 946 976 545 520 501 958 4 806 501 796 654 697 964
50 607 368 638 489 922 42 659 612 701 410 22 677 855 926 642 975 544 806 515 112 847 680 21 583 849
538 353 352 468 675 643 382 188 987 966 817 430 176 544 542 282 841 51 806 493 917 99 944 262 960 725
557 601 731 489 475 609 40 525 967 305 225 212 317 429 164 707 341 521 646 918 286 137 382 836 6 646
275 122 996 377 211 520 897 17 202 741 436 916 657 400 996 472 932 982 784 821 496 958 698 26 980 557
694 793 679 755 712 834 73 602 708 32 872 791 96 359 752 188 393 847 503 298 305 202 949 217 514 462
812 103 765 44 152 385 887 404 968 342 965 595 489 854 574 175 589 678 130 102 356 872 334 221 435 541
352 69 653 721 822 449 216 345 184 81 547 793 64 469 610 267 745 517 272 722 96 516 605 242 554 678
4622666776676673629246635899567389427426952389993798465228633654357258852353367988463
58 1
903 94 51 325 421 528 580 603 795 316 633 210 811 969 244 817 992 102 126 239 253 561 191 93 93 137
258 402 433 858 410 556 4 191 103 301 35 273 506 770 638 257 221 333 381 477 21 656 102 358 842 100
24 117 787 933 816 415 838 173 193 415 83 564 397 335 57 146 673 758 235 126 920 225 380 334 658 676
508 481 518 588 597 692 116 98 380 450 798 545 227 229 703 134 901 834 176 569 469 558 108 396 499 462
875 982 203 345 36 155 545 576 276 142 549 865 708 389 871 397 777 54 559 86 276 140 124 946 731 93
431 404 254 797 723 952 213 471 789 164 224 480 320 76 432 535 929 706 832 85 263 535 787 708 641 688
215 991 3 864 803 417 273 279 202 23 507 517 632 568 855 351 307 322 139 344 527 81 145 459 387 952
2 807 827 617 691 739 135 172 226 484 370 578 218 787 34 964 984 854 364 372 514 370 623 265 503 279
744 70 34 438 979 374 871 101 471 989 35 382 664 702 421 438 946 841 149 161 844 952 938 998 685 526
819 85 66 996 767 775 935 335 470 567 889 45 874 954 289 951 809 881 757 735 471 506 993 947 726 708
606 295 742 586 822 855 466 190 685 346 482 193 948 957 192 621 57 142 825 973 154 937 120 320 914 206
586 211 197 183 925 458 322 518 637 436 954 43 842 571 273 999 943 84 439 228 686 205 347 387 971 918
733 428 74 302 5 54 840 308 608 282 194 518 497 192 412 945 899 156 819 886 80 846 191 309 247 15
896 72 572 367 907 401 852 130 466 215 294 872 504 228 537 507 860 440 966 442 854 540 598 436 356 702
497 438 810 130 812 189 748 490 363 895 74 294 426 869 337 480 755 697 709 803 958 848 570 7 17 455
143 465 516 183 245 698 794 859 787 372 754 870 33 11 425 859 804 462 162 839 772 716 309 200 924 204
625 154 594 896 779 152 613 986 499 205 311 869 196 878 63 867 749 28 699 818 898 975 16 748 779 29
528 88 23 323 727 300 438 738 750 915 371 197 310 276 652 652 930 314 250 733 571 852 528 141 613 608
374 274 1000 784 894 778 68 863 789 113 433 602 349 633 775 256 164 182 828 9 668 161 524 386 761 295
241 758 274 681 747 7 990 418 515 651 870 286 702 321 785 898 412 858 629 55 865 310 878 280 168 304
60 845 849 424 529 944 320 523 748 815 930 255 756 966 255 539 749 864 318 212 279 284 649 828 939 450
607 758 277 839 888 335 433 583 18 551 185 390 203 899 631 73 550 401 926 487 748 879 665 915 349 186
987 100 998 186 337 154 175 108 989 267 608 947 690 386 219 327 206 493 272 361 203 555 34 201 730 526
354 742 419 1 200 568 703 679 324 578 682 49 377 389 830 448 469 837 677 937 705 876 429 745 63 942
677 521 523 923 41 384 298 757 318 459 951 522 126 981 938 315 323 304 595 46 3 94 189 416 866 555
868 640 454 989 535 664 627 700 13 56 789 278 888 960 561 288 490 737 25 585 168 880 961 66 737 231
2638272654456979232464354696555956445523443564984443548274
55 1
89 181 419 142 898 646 285 735 713 82 570 378 731 301 830 102 575 1 779 18 870 874 519 732 120 542
409 111 829 207 521 324 857 342 282 57 226 542 12 199 510 715 782 997 905 560 903 434 914 96 399 762
877 142 781 875 574 595 843 246 851 189 410 627 138 763 85 583 699 125 962 609 812 820 377 77 712 327
355 571 231 247 766 932 908 290 500 36 472 172 286 820 710 568 262 876 1000 922 981 29 273 507 395 945
336 953 222 357 34 644 479 237 209 807 714 864 850 134 799 943 562 691 136 356 211 856 945 938 202 757
777 528 972 891 34 78 180 531 828 497 935 120 789 233 205 255 726 457 33 117 397 507 729 183 831 667
895 922 318 373 676 615 108 14 147 240 170 344 366 880 701 538 771 953 547 140 507 719 427 836 226 798
574 740 995 909 476 450 816 322 716 634 982 616 504 23 315 734 744 75 949 68 972 624 766 716 564 639
987 824 578 115 196 340 797 466 420 631 63 39 309 982 381 249 442 925 257 661 447 258 276 799 938 410
750 20 47 286 379 575 839 692 101 424 55 873 859 217 686 470 168 787 63 440 933 541 285 583 983 265
55 317 788 543 71 727 20 190 653 928 884 747 442 472 940 819 825 711 795 33 36 93 932 973 621 193
790 896 458 282 544 193 857 746 57 633 70 337 321 202 900 178 715 656 725 643 628 437 584 600 724 852
983 177 234 2 398 179 128 701 70 315 459 524 892 179 867 927 916 92 955 172 247 315 933 549 480 497
629 538 383 508 597 642 574 110 552 1 240 279 853 163 339 744 939 117 995 231 445 531 97 556 818 665
3 344 41 123 798 417 263 406 326 218 96 556 920 500 60 703 284 796 104 225 266 494 806 975 340 418
761 327 862 410 272 489 411 750 479 580 703 866 617 171 631 199 405 916 800 200 898 14 43 905 746 598
271 712 315 19 247 983 749 994 115 879 529 371 25 104 613 577 315 98 794 338 690 99 347 801 117 446
820 574 635 456 784 511 552 35 401 962 318 247 797 44 9 153 501 876 162 930 796 998 313 49 17 10
235 121 867 268 403 970 632 83 543 509 845 518 791 703 158 456 614 400 401 803 235 67 654 695 361 947
630 709 547 334 640 55 18 547 100 317 121 533 568 693 641 104 278 181 756 267 414 561 759 347 983 979
273 390 174 32 744 907 703 591 509 802 527 465 743 504 222 417 111 495 217 156 328 141 768 3 770 949
329 137 974 836 183 415 906 98 493 639 476 674 692 544 209 604 812 42 484 289 599 765 459 233 345 405
969 592 299 542 236 372 962 508 646 798 812 514 166 62 213 351 754 812 328 193 45 708 681 30 803 897
855 452 121 909 374 355 772 321 835 664 213 995 195 504 812 199 178 16 641 925 982 651 458 320 230 762
192 469 594 182 827 605 408 132 728 623 959 651 739 912 37 35 592 88 248 983 251 937 740 507 618 804
554 169 328 665 325 106 211 30 283 423 495 811 740 37 883 267 965 796 358 698 239 811 685 739 87 25
4769672596259964325764534554737367632398846385997469742
82 1
165 932 355 182 391 528 493 246 816 256 455 114 482 61 121 194 612 817 340 280 692 705 652 867 425 363
302 871 43 922 819 369 724 121 742 956 127 101 119 227 998 169 833 52 511 985 790 86 982 18 961 46
795 328 559 217 581 368 249 121 685 322 67 467 796 590 728 238 93 873 10 138 528 785 437 751 107 589
199 791 834 777 893 826 139 371 131 895 937 300 928 484 209 314 998 344 707 262 319 478 311 213 126 347
128 405 747 376 395 538 245 792 400 927 332 268 577 201 901 511 376 149 411 956 851 857 916 555 791 527
114 83 692 409 904 235 578 127 602 931 673 225 414 559 984 536 298 691 408 349 201 201 359 550 525 960
300 269 9 695 306 919 601 163 785 144 549 674 973 158 63 755 941 210 235 195 446 80 372 7 449 616
858 206 64 326 802 435 296 759 575 206 801 771 587 516 889 948 255 524 241 167 749 84 371 234 783 165
935 695 712 433 345 563 768 602 370 723 211 943 960 583 930 221 709 846 469 474 980 843 215 797 925 241
994 317 595 223 29 635 622 376 75 403 425 635 948 682 260 638 3 873 221 294 1 646 597 3 109 499
546 26 810 347 263 6 396 630 821 833 65 736 902 696 416 629 570 245 608 819 681 323 91 395 629 10
483 484 592 213 729 669 930 439 658 278 31 925 232 488 587 939 515 147 855 589 419 648 48 747 736 98
45 846 515 335 171 469 91 991 473 735 40 20 831 390 664 109 219 999 52 754 561 319 897 385 52 285
296 391 169 180 503 343 573 792 264 157 333 941 983 35 541 674 928 609 583 293 795 403 841 901 808 7
624 667 375 391 971 692 925 29 387 398 391 114 460 907 235 48 493 56 226 812 323 46 616 830 86 266
167 461 778 695 216 127 47 247 522 180 124 13 627 687 503 907 243 617 788 294 938 741 708 810 382 400
369 417 721 627 283 322 825 906 277 271 904 700 548 398 483 135 249 108 42 92 601 962 284 603 132 770
36 980 169 914 904 954 259 295 771 403 416 277 655 154 200 38 532 91 131 128 803 94 802 930 261 885
540 562 354 63 821 909 246 685 447 785 2 524 385 476 970 106 278 253 917 916 819 966 8 737 840 890
248 55 224 808 922 167 283 992 147 320 873 509 181 258 831 705 352 640 412 628 340 955 320 694 618 152
335 838 826 274 854 638 181 139 637 178 428 857 24 263 381 232 175 850 189 991 752 829 526 501 146 164
279 416 842 784 679 362 69 823 791 895 561 409 884 737 538 476 580 256 664 331 661 336 843 925 821 914
33 886 897 656 553 15 110 866 455 981 968 154 170 102 583 110 936 571 206 447 90 787 886 269 151 606
438 255 610 571 218 672 447 381 759 854 64 477 602 994 589 953 492 486 215 410 144 685 948 241 544 758
370 992 12 666 627 371 866 738 649 109 646 995 421 348 84 160 129 482 671 406 664 42 694 417 5 727
768 619 199 696 862 769 508 723 298 202 200 934 392 691 293 515 46 71 85 412 243 598 717 839 638 7
9763834859943332745299275479257552384269286754228386623472286456486246855842594974
79 1
474 485 719 885 717 224 635 274 559 499 114 641 153 429 553 836 948 730 996 888 748 982 178 267 460 774
754 621 765 42 712 621 617 99 567 379 512 657 497 994 587 209 471 996 816 58 180 658 658 676 433 919
543 531 794 61 276 959 60 2 457 664 867 80 695 882 200 455 165 567 634 641 731 591 342 869 436 909
224 415 305 515 638 400 193 428 519 794 137 83 782 943 98 533 69 951 793 863 173 94 140 816 20 235
274 527 310 854 141 20 108 222 407 203 548 124 826 891 650 275 589 684 591 289 377 296 718 632 621 102
454 656 980 490 967 75 894 264 480 703 819 951 2 286 878 316 900 787 773 304 914 319 168 869 259 264
441 145 327 809 564 173 369 610 810 271 710 117 767 959 480 743 884 603 811 867 236 400 206 325 211 774
232 18 136 417 854 753 622 8 623 682 302 662 427 801 390 946 351 670 820 668 579 511 479 631 607 143
458 172 960 375 360 569 782 473 392 582 136 944 470 710 203 937 728 397 284 294 349 971 527 788 166 598
297 453 311 70 734 149 572 45 990 737 833 335 946 718 652 141 177 406 133 451 213 606 843 665 388 393
768 725 583 461 668 815 686 307 899 531 692 205 267 910 708 576 734 652 600 284 740 208 678 746 816 944
54 606 492 861 120 625 916 808 686 665 656 341 649 53 900 923 586 796 759 643 235 60 460 361 282 944
296 367 274 672 742 901 900 614 23 247 533 931 812 178 649 474 799 737 626 371 593 224 962 217 742 889
214 727 913 336 211 132 177 417 218 426 94 451 321 952 852 819 594 639 53 540 821 98 266 109 727 896
665 787 150 43 913 451 498 277 485 188 297 977 65 158 941 200 349 773 590 269 660 367 909 490 125 932
418 335 877 178 918 818 912 859 271 93 672 298 683 504 842 909 144 890 390 871 425 556 76 279 751 912
871 180 993 815 688 345 74 874 344 472 939 359 574 380 921 22 326 937 221 40 241 171 340 251 334 18
409 833 130 995 257 121 131 421 983 615 247 460 18 681 18 966 272 669 531 10 718 184 998 68 112 117
583 413 802 919 374 714 159 325 884 753 266 229 893 922 425 524 538 858 704 482 153 728 235 945 844 91
750 707 358 340 696 983 710 997 716 942 688 692 917 307 813 550 508 706 783 604 984 91 104 349 360 652
609 281 251 284 613 407 513 550 580 52 474 918 398 353 438 243 937 995 871 730 172 718 52 153 677 623
479 620 187 428 47 280 760 363 855 787 438 261 337 258 498 165 161 904 372 871 898 749 959 703 30 327
982 749 708 112 292 848 106 105 302 591 563 288 639 928 684 875 596 992 970 175 533 197 288 197 576 849
802 56 246 83 760 891 922 656 30 745 705 976 428 366 459 811 744 111 286 607 520 763 419 202 72 685
746 326 818 318 26 240 319 484 486 310 317 89 486 202 244 376 748 414 153 472 470 594 258 902 867 845
492 179 736 813 829 516 823 176 4 441 828 191 548 938 879 988 614 9 143 613 416 715 343 517 210 290
5667365765698879286229485457377224684859236985795342332972778973886347883499828
63 1
770 65 944 672 483 707 301 153 624 505 182 640 896 943 834 91 743 514 196 395 683 576 912 74 474 730
49 554 851 760 1000 449 429 792 463 137 849 958 450 647 605 959 833 281 658 249 361 471 956 958 125 976
446 776 132 406 585 736 464 545 636 136 881 130 992 204 23 193 760 817 483 924 447 345 768 132 479 804
8 995 113 743 771 598 481 995 837 369 348 1 800 212 139 140 278 951 135 726 197 443 266 93 15 911
297 495 350 947 919 848 964 396 434 997 34 972 389 355 62 838 12 527 805 349 410 425 859 768 242 754
14 588 468 346 481 142 467 468 577 954 628 991 318 538 27 380 9 618 405 27 226 949 857 570 360 80
199 148 679 224 202 13 17 542 464 536 10 89 615 388 146 975 948 934 743 901 846 597 395 332 202 754
908 730 189 857 31 77 746 11 180 603 667 540 179 212 959 226 3 933 837 743 726 406 289 828 358 765
364 60 788 613 338 315 258 346 751 651 860 853 250 546 493 184 923 831 222 681 783 742 943 1 106 954
940 104 865 592 688 678 20 25 149 665 204 788 878 1000 422 295 31 374 205 266 764 707 981 632 296 443
380 499 999 71 593 145 243 465 583 496 143 690 779 695 562 591 548 359 748 52 537 888 660 507 533 787
152 878 662 268 943 722 284 518 699 101 952 835 635 100 475 401 50 732 942 197 369 552 635 276 285 45
62 823 784 771 580 208 511 500 495 100 468 559 211 839 396 225 133 867 509 979 175 184 305 568 249 860
910 1000 39 166 818 410 472 501 19 888 821 561 96 975 661 553 413 758 437 500 116 894 423 792 636 319
964 742 10 934 875 104 612 26 385 898 1000 51 69 101 969 674 960 710 403 55 43 954 874 907 274 436
807 688 895 44 19 148 165 918 93 385 9 419 815 435 534 181 31 896 14 701 458 989 343 438 315 739
104 309 430 194 146 553 932 492 829 124 651 406 209 74 381 795 486 256 192 338 431 41 5 906 637 785
72 268 847 536 665 126 796 843 191 43 336 795 222 594 177 570 56 123 16 788 677 313 637 543 633 682
415 175 22 915 172 70 642 5 565 75 399 140 855 528 719 768 294 823 148 751 551 403 362 802 474 253
500 306 28 487 884 513 284 68 208 405 57 317 749 832 676 587 56 563 17 376 205 897 972 372 203 206
292 65 154 166 570 825 747 717 38 260 396 396 298 399 871 868 627 353 698 766 891 978 87 117 155 469
447 587 22 83 459 737 574 337 187 152 3 904 121 301 422 311 302 712 821 318 144 603 581 223 110 311
613 508 132 933 550 886 98 155 198 48 642 54 840 58 974 501 635 921 912 669 200 666 509 941 699 241
125 827 437 813 143 82 940 181 222 474 926 42 238 351 353 898 508 886 901 733 529 362 158 722 927 613
417 107 410 669 45 787 622 220 643 385 217 496 903 948 395 983 402 372 125 660 813 694 475 62 496 163
61 419 475 401 579 758 753 62 171 876 728 475 73 634 93 946 554 978 475 528 638 69 963 416 475 646
989259748928272559945942337547689673259887256277459938483823499
50 1
643 380 724 895 533 869 253 397 476 459 23 371 640 969 554 6 580 936 409 340 721 274 867 572 738 659
886 293 96 451 401 491 804 590 750 70 930 516 551 887 274 487 16 267 8 919 468 815 916 527 577 121
669 649 162 106 9 465 213 488 493 843 855 307 538 109 647 761 585 614 25 244 691 648 523 813 627 494
925 889 945 275 279 804 538 203 166 503 654 60 458 99 56 701 692 787 534 73 616 670 313 210 468 457
737 869 325 785 863 612 885 63 72 416 349 203 815 351 24 388 523 734 148 943 599 54 226 947 207 927
847 879 356 513 641 907 518 456 672 470 694 707 165 124 687 666 99 613 318 881 662 40 936 687 196 439
322 876 221 632 15 84 905 395 578 534 361 358 473 257 2 801 712 131 852 853 264 541 995 41 878 427
984 55 372 995 317 987 29 174 185 611 834 432 463 780 163 142 72 907 341 293 248 808 835 722 686 158
739 56 8 300 573 466 760 690 344 590 748 548 202 105 557 579 113 426 931 358 142 244 307 663 316 511
495 246 705 650 765 799 388 971 393 872 484 167 994 945 675 231 936 262 346 807 867 239 178 373 535 506
348 697 947 959 199 886 99 647 49 713 257 105 809 199 446 604 145 521 328 530 103 256 878 413 708 835
338 459 691 997 502 647 478 239 446 49 926 670 4 651 318 75 850 278 198 731 439 504 47 317 66 765
317 287 353 627 285 337 841 669 544 794 733 75 550 405 239 311 767 512 721 749 724 410 841 392 209 109
460 620 827 917 732 167 80 169 45 640 223 374 531 484 654 611 5 298 326 317 816 53 230 563 488 316
191 461 598 990 840 777 282 470 503 136 867 940 672 875 632 121 798 19 490 896 907 435 174 514 808 487
513 692 727 452 302 591 949 961 911 106 594 467 942 854 265 540 26 441 410 19 791 781 551 662 645 252
614 109 245 281 647 414 8 97 605 416 887 257 967 419 422 475 785 561 305 979 645 719 380 390 912 796
891 686 861 904 435 427 278 913 721 143 138 75 115 106 331 601 847 575 229 625 148 389 740 53 768 565
371 164 883 88 596 7 174 788 495 885 104 709 536 8 879 178 943 483 323 180 402 602 386 759 248 219
522 576 721 410 5 470 105 378 230 51 857 259 98 250 274 697 661 965 859 549 786 458 893 538 85 590
611 607 255 174 577 399 422 902 302 701 668 419 628 141 130 36 562 917 60 500 34 608 724 408 440 147
690 829 589 702 683 783 202 783 493 11 285 567 996 629 325 488 726 942 551 400 142 792 251 732 665 436
445 345 610 596 996 416 916 676 156 513 520 535 422 261 769 932 52 512 468 167 557 313 783 811 923 154
939 129 195 948 421 930 5 888 834 980 401 788 315 849 499 597 311 894 759 23 22 770 679 881 443 101
525 347 498 439 574 944 475 14 50 882 742 181 997 660 839 394 365 222 661 619 365 109 455 311 310 596
582 368 616 753 815 762 363 370 773 264 87 993 436 534 510 321 764 127 800 642 1000 853 11 531 452 646
74753453234923364735755726663438858772788273343836
66 1
201 410 216 152 802 179 642 141 912 839 686 512 886 444 932 507 331 631 599 634 268 205 249 689 504 201
272 471 753 357 327 53 5 50 100 724 287 78 452 183 652 899 40 814 786 160 126 786 131 777 116 845
114 292 499 426 471 606 450 964 749 23 351 136 650 6 108 491 717 605 992 18 718 591 744 954 695 147
778 307 588 743 81 492 100 549 546 842 882 788 673 668 768 626 627 640 96 35 991 334 104 128 271 960
32 535 909 911 712 895 65 223 671 488 688 628 271 205 102 551 621 60 533 939 60 815 252 39 749 192
579 706 947 167 571 805 149 709 576 970 867 989 35 793 227 310 655 176 137 517 661 648 219 656 405 772
397 888 148 740 875 802 162 397 370 124 189 528 558 996 630 303 688 654 480 263 159 889 401 490 293 268
358 347 57 458 523 787 10 687 333 95 60 413 100 906 452 102 802 486 301 534 788 692 122 100 517 848
557 775 201 156 272 794 329 366 435 647 403 33 648 592 686 694 618 92 321 396 72 625 861 516 946 69
107 835 586 800 3 507 69 91 381 860 316 83 473 192 365 832 690 178 854 211 31 250 423 49 490 247
54 531 775 127 443 110 560 636 152 115 992 502 389 669 101 641 181 91 423 260 63 895 384 277 926 430
325 765 11 864 318 850 934 697 707 422 14 310 998 684 854 664 758 421 216 870 39 341 917 89 645 964
768 688 434 563 14 769 619 794 374 178 540 129 743 734 720 202 50 18 461 407 73 635 441 940 975 421
550 246 95 681 94 933 722 943 988 158 241 871 515 860 527 398 562 904 949 308 454 698 702 701 71 712
959 391 9 60 921 297 489 919 440 94 115 376 377 435 341 903 857 428 174 81 316 68 357 893 160 840
77 695 39 389 439 865 796 642 775 516 67 314 916 175 378 3 432 310 308 998 171 804 668 267 827 986
642 828 933 563 638 497 71 454 915 98 864 984 130 299 306 130 591 63 838 647 933 868 40 131 941 626
893 346 276 185 560 424 177 630 591 684 196 882 688 698 99 230 711 736 109 836 508 444 354 959 978 238
977 634 183 79 215 200 687 178 283 446 995 984 683 166 859 358 638 918 977 862 659 440 206 98 438 137
2 62 167 237 801 686 731 879 359 600 865 277 488 123 921 866 357 833 406 314 97 155 245 258 356 825
366 117 718 964 218 204 25 774 342 479 907 633 576 893 802 681 739 959 985 438 103 85 256 612 61 251
705 353 329 38 627 185 653 900 459 171 594 554 786 102 625 519 861 81 41 267 706 432 488 551 423 865
99 353 20 639 525 566 451 353 942 285 685 985 636 884 382 635 810 500 853 572 87 712 345 767 808 133
379 42 234 23 60 632 540 420 746 917 153 347 702 965 759 717 135 809 563 203 579 192 812 897 497 915
837 28 434 263 379 893 859 120 751 364 630 358 192 133 366 12 223 78 110 222 344 760 442 147 605 238
723 427 264 360 719 948 149 59 689 370 811 693 542 642 341 918 418 319 573 955 290 365 926 962 144 244
285927983853755787967827946954479469749665928352459822568663599583
79 1
34 703 544 133 213 419 565 145 861 712 984 324 596 486 838 284 547 924 339 263 44 150 792 304 650 847
924 839 744 127 408 208 255 101 590 598 62 718 121 933 792 10 583 109 29 415 667 284 88 594 338 889
401 561 216 905 133 46 890 628 532 635 398 527 565 211 562 194 26 103 333 271 957 964 135 111 202 889
53 864 65 42 698 492 23 605 377 821 511 402 838 285 756 973 314 138 549 588 965 970 749 674 97 587
722 760 539 192 865 394 369 867 141 803 740 226 258 103 983 866 524 651 166 970 694 260 250 620 683 278
644 522 91 594 434 92 4 400 209 52 875 533 705 269 511 218 230 92 730 877 711 226 465 246 53 214
276 914 808 544 734 616 303 710 473 700 939 61 480 518 935 56 663 492 99 178 819 53 444 927 294 669
10 414 152 708 786 722 57 546 459 228 839 709 337 831 577 723 994 342 933 386 206 478 338 402 208 587
285 690 380 565 590 494 581 764 177 2 897 31 592 733 906 448 570 480 465 58 342 136 228 748 653 93
362 618 59 465 476 933 29 863 639 494 923 858 488 867 171 330 204 642 44 289 118 254 342 502 927 488
833 26 804 909 936 937 299 693 413 112 559 854 1 110 731 843 790 279 531 286 38 766 626 151 957 990
195 473 780 326 880 78 707 618 576 961 268 223 368 456 348 925 771 854 899 421 428 40 11 242 370 139
677 617 235 67 404 116 737 768 637 311 132 463 318 241 410 223 64 510 26 533 750 535 941 945 354 85
35 739 197 856 890 864 114 640 999 92 695 383 33 860 158 101 171 735 209 885 915 783 590 796 93 938
206 173 395 507 978 195 265 469 705 292 713 997 749 9 182 614 496 4 17 604 894 681 381 333 129 405
923 982 599 251 988 435 391 22 736 231 256 92 26 721 128 340 782 889 177 696 179 146 498 517 937 236
78 471 982 95 758 30 386 980 193 373 544 468 193 26 61 59 180 411 730 279 728 71 190 154 784 17
354 249 177 695 328 20 31 840 706 669 5 126 633 475 84 842 410 538 198 97 610 32 2 759 16 779
689 615 824 915 236 137 74 598 616 863 883 402 133 491 346 506 360 330 695 165 609 112 642 32 64 42
83 355 279 329 264 695 141 245 623 387 601 702 902 922 675 438 189 666 164 942 909 316 201 433 846 250
975 860 148 470 31 154 997 569 616 770 811 426 986 544 571 41 188 906 587 818 955 554 914 991 598 220
292 924 926 517 727 586 824 267 73 529 177 996 492 21 737 218 402 676 217 236 587 120 74 885 772 645
42 471 94 816 959 111 937 752 238 920 812 111 724 750 98 657 237 243 373 600 111 626 324 435 855 224
848 290 701 179 88 62 350 20 667 592 390 299 413 915 555 972 889 819 705 610 386 135 733 242 74 204
30 870 417 185 952 515 236 830 154 946 977 670 815 584 383 878 240 456 954 525 805 241 774 399 524 50
343 423 666 959 771 799 80 634 531 901 383 967 717 764 576 868 106 214 250 814 77 774 178 19 51 233
5228499794568272655599395354587964652249988764288934335358672775442479599987624
96 1
962 135 881 451 534 262 255 935 488 357 40 813 868 691 775 829 703 595 527 6 960 394 799 380 403 425
156 530 335 710 587 725 599 676 845 337 935 397 266 862 318 673 282 811 487 828 220 479 182 87 125 161
794 902 362 761 360 68 341 55 604 185 731 26 737 577 955 529 718 688 27 670 593 484 463 611 476 779
658 135 115 19 132 414 583 114 160 930 738 195 764 490 470 765 585 846 338 647 748 896 994 920 669 656
15 545 828 181 737 498 700 3 416 602 389 921 558 509 233 602 717 209 885 544 932 420 977 219 710 917
394 347 552 399 142 995 753 441 546 56 612 17 652 44 585 760 822 816 751 218 976 247 715 814 245 798
53 915 361 526 525 546 208 401 305 722 453 825 281 540 824 886 135 946 24 946 607 890 48 614 712 480
712 352 968 626 426 543 883 165 504 627 879 753 515 868 314 921 702 357 49 805 917 252 273 807 317 926
238 626 914 335 444 915 611 433 678 954 945 88 185 179 551 469 470 522 291 212 228 715 562 906 244 164
971 442 779 641 548 816 915 918 238 862 131 288 490 504 15 82 67 552 273 722 676 314 544 542 553 225
643 399 668 5 739 540 901 694 410 700 522 566 798 843 323 920 256 802 261 181 247 953 990 184 611 740
500 911 917 813 770 857 776 851 972 298 152 953 975 99 189 448 465 758 775 281 631 116 894 322 877 820
18 706 479 342 790 852 573 403 827 341 595 549 522 588 211 225 690 292 664 165 871 646 271 131 315 885
218 139 583 231 910 384 72 914 289 859 638 615 177 36 650 583 72 360 350 285 57 623 859 244 524 590
343 420 667 485 218 439 853 865 475 601 770 275 776 721 279 770 349 924 23 617 346 111 684 862 236 363
571 658 235 63 663 784 838 93 645 755 482 929 883 388 771 664 798 915 195 107 617 643 123 367 698 930
449 278 474 977 692 847 525 879 643 468 525 685 7 444 361 621 888 487 659 664 769 125 485 103 639 692
877 550 871 424 255 570 774 65 742 336 806 874 684 522 512 741 705 349 572 652 378 740 874 840 163 312
651 71 778 42 209 713 563 491 537 263 813 859 565 829 812 45 571 484 521 247 998 903 937 510 443 528
598 244 197 628 178 962 466 827 669 90 367 920 226 544 143 998 592 74 300 307 640 416 190 943 593 464
729 49 711 533 556 837 484 159 203 698 635 415 797 867 142 491 906 558 44 699 34 682 926 344 572 217
135 688 73 314 830 374 178 910 375 110 941 187 451 177 483 39 91 834 317 732 181 772 456 892 896 779
629 605 562 908 68 415 851 28 942 633 325 712 513 828 269 261 608 964 971 955 892 438 289 967 152 30
308 573 789 856 803 27 193 5 652 260 335 947 421 560 139 200 402 759 174 598 792 119 732 472 240 25
643 179 392 829 120 585 845 319 168 142 235 326 500 47 703 720 532 894 725 88 947 247 329 19 948 261
539 464 998 47 354 808 859 538 437 441 825 248 900 115 597 72 364 197 586 646 426 885 379 690 485 785
393526265543527892857923447324854824867385237663473572762534532492788762886537458455586972543437
