50
613 842105297 768918715
871 937782606 760535494
627 931409038 754589302
830 668019324 697615477
693 789629264 985615225
916 718391812 425064408
791 245749122 359546120
607 697202925 377122352
892 807141216 572904346
520 265569710 990204377
866 368328181 716803579
597 698681937 728793859
524 868907070 279733979
839 716651307 886273924
727 299514056 788313656
745 574031252 865623338
595 309925460 842168044
565 800576811 794197000
672 233021730 801848396
548 329737925 741530199
686 492286382 233788257
508 391688220 615281500
698 948269737 907710218
963 372498822 266263089
584 396270939 760236293
885 298399634 910645494
509 665053491 465976112
925 780993127 335099997
593 605161180 967176501
576 588403024 933891614
979 648252936 680148119
564 616860156 691006781
701 270290755 667106696
911 238890388 797723232
746 722092305 821358958
931 290642069 882475690
970 705840542 220261249
576 723680935 728524914
507 758519769 935985102
842 888484187 265755664
953 958306579 575266435
933 202285898 200781631
923 722348942 838159610
538 511476293 810411440
956 977516428 317631113
801 585745720 384074938
951 304709022 806507525
699 625065657 722665360
806 949221563 441419206
772 854564143 283471648
